061011200007
030611100081
030611100079
030611100078
030611100077
030611100076
030611100074
030611100073
031311100016
032611100002
030911100005
030611100039
263311200015
032612100001
122912100025
011111200011
010311200021
122912100024
263312100009
260911200020
262812100011
262911100005
261711200004
260912200001
260911200018
263311200002
030612100099
143211200052
263411200048
030611100121
253511100007
253512100017
252212100007
252212100009
182711100043
252212100006
221911100555
143612100003
143612100002
143211100069
143211100012
143211100011
143211200084
143211200085
263411200121
263311200013
263311200014
260911100002
263312100003
263312100004
263312100005
260912100016
260912100017
261811100001
260911100003
261911200001
263411100006
263412100038
260911100004
260912100018
260912100019
263411100007
261911200002
263412100042
260911200021
260911200022
260912100022
263311100005
263311100006
263312100008
260912100025
260912100026
263411200050
143211200042
263412100047
260912100047
260911100011
260911100013
261711100008
260911100014
143212100026
060511100002
014011200013
222011100186
221511100573
113611200002
143212100027
030611100131
072911200007
182711100039
273012100064
030611100108
221211300003
263311200010
182711100058
282611100015
282611100016
282611100017
280711200005
282612100064
282612100065
282611200047
282611100019
280711200006
263211200002
280711100003
282611100021
282612100081
282612100082
282611100022
282611100023
282611100024
282611100025
282611100026
282611200054
282611100028
282611100031
282611100029
282611100030
030111100001
104811100009
222011100195
182711100061
030611100406
282611100032
182711100070
182711100068
030611100093
282511100005
182711200111
032411100004
111711200002
082711100002
182712100078
182711100041
081211100007
282612100073
150811200002
282611200114
222011100180
221311100019
253511200026
122411100012
040411100016
082811100053
122411100011
122411100010
122611100003
243611200009
113411300001
241211100040
082812100034
122611100002
182714200001
142211200002
122411100008
253511200025
111812100031
111812100032
111812100033
092111200002
122411100007
243111200060
122411100006
243111200059
243111200057
241211200021
122911100001
120211100004
093511100001
121212100004
243111100052
242711200008
243111200050
243111200056
121212100003
243111200053
122412100003
243111100055
243111200055
243111100069
182711100006
242311100002
243111100067
243111100081
202011200086
260911200015
182711100007
122411200008
131911100043
122411200025
122412100002
243111200051
020412100022
143212200003
132012100010
092111200001
202411200001
243111100063
122912100021
260912100015
050912200007
050911200034
081511100009
081511100008
081511100007
120211200005
082812100076
103811100003
241211100042
080311100002
263412100037
050111100003
053711100002
050912100028
263412100036
122912100020
051611100002
051611100001
050912100025
050911200033
050911200031
241211100043
263412100035
260911200017
241211100045
241211200017
243111200181
242711200006
122411200016
121211200005
202011200083
182711100005
241211100041
243111100047
202011200089
243111100075
273011200051
243111100060
243111100061
243111100062
241211100047
202011200118
273012100108
202011200087
243111100068
241211100044
202012100065
243111100076
243111100058
201612100003
220412100133
260911200016
241211100081
202011200084
091612100021
241211100046
220112100590
242711200007
080311100001
152411200056
243111100080
263411200045
243111200065
241211200018
263411200044
082811100001
152411200057
152411200058
122411200012
211111100011
240711200003
182711100004
243111100066
243111200064
243111100059
263411200043
243611200008
243611100015
242711200009
182711100003
243111100048
241211200020
243111100074
243111100071
243111100053
130811300001
142211200001
131912100045
243111100049
221012100142
243111200048
242711200003
242211100006
260912100014
171611100006
262911100004
262814100001
202011200082
242411100021
243111100057
243111100051
103811100001
202011100057
243111100078
243111200061
243111100079
201611100015
243111200062
243111200063
241211200019
220312100632
262911100002
253511100006
234311100109
104811100021
102711100004
104811100022
263411200042
260911200014
263412100034
262911100001
263411200041
260911200013
242711200005
100411200005
104812100011
102711100005
131912100044
130811200009
143211200083
102911100015
102711100001
233911100108
100411100005
230611100107
102912100015
235611100103
233911100102
102911100026
103811100002
220412100132
143214200004
234511100101
040612100051
143211200039
143211200040
143211100073
111811300002
242211100004
143211100068
243111100050
243111200049
231011100089
234311100094
232511100091
243111200239
111711100001
111711100002
111711100003
111711200001
143211100072
143211100071
221012100141
020412100043
202011200081
120411100001
220212100637
122911200047
213811100007
231011100090
132012100011
111811100013
111811100014
111811100015
111811100016
122411200017
232511100088
230911100117
242711200004
202011100056
243111100082
082812100020
122411200013
122411200011
122411200010
232511100087
243111200066
081511200004
131911200044
240711200004
122411200009
122411200007
122411200006
020412100109
232511100085
213811100011
183311100001
143211200041
234711100115
132911100011
230711100114
230911100118
262811100010
262911100003
122411200005
182711100035
243111200067
243111100077
240411100004
263311200009
180411100008
235511100120
263311200006
230911100083
243111100065
130812100009
121211200003
121211200002
243111100070
132013400001
182711100036
220212100133
182711100037
243111100064
243111100056
121211200001
263311200004
234711100082
242311200001
240411100006
242211100005
242711200002
234311100081
042811100018
243111200054
235911100078
232511100077
253511200027
242711100009
232511100092
120211200007
120211200006
143611100002
253512100016
232511100076
130812100010
182711100038
132911100014
122911200049
143212100025
123811200001
020412100025
121212100002
143212100024
183711100003
230611100116
132012100013
202011100053
143211200051
130811200007
131911100042
221011200214
132911100012
131911200042
131911200035
030612100076
030612100080
151113100001
081712100004
130811400001
220111100018
030612100094
032412100003
030612100095
030612100096
030612100097
091611100006
120214200001
030614200001
221411100009
030614200009
221411100010
032414200001
091611200031
030611100015
220111100015
030911100002
221311200547
030611100018
220911200745
082811100010
081712100003
030611100019
030611100020
030611200077
093511200002
030611100021
030611100022
030611100023
030611100024
030611100025
030611100026
093511200001
102911100032
102911100034
104812100012
104812100013
030611100027
030611100028
100511200001
102711200001
030611100029
104111100003
100411100006
102911100020
102911100023
030611100030
030611100205
030611100206
030611100209
030611100210
030611100211
030611100212
030611100213
081712100001
030611100214
030611100031
030611100032
180511100006
030611100033
030611100034
030611100036
030611100037
111811100009
111811100010
111811100011
111811100012
220111100006
082811200067
082811200066
082812100021
082811200014
080311200003
082811200012
082811200011
030611100040
082811200007
082811200004
030611100042
030611100041
030611100043
030611100045
030911100003
030911100004
030611100047
030611100048
030611100049
030611100050
030611100051
030611100052
030611100053
030611100054
220511200569
111812100029
070512100014
072912100006
030611100055
091512100003
220111100021
030611100056
030611100057
221411100021
030611100058
030611100059
030611100060
030611100061
030611100062
030611100063
030611100064
030611100065
111812100030
030611100066
030611100067
082812100008
030611100068
113413100001
113313100001
030611100069
221411100524
030611100070
113411100006
113411100007
113411100008
113411100009
113411100010
030611100071
010312100026
010312100024
010312100023
220111100022
010312100022
082811100012
082811100011
080311100003
081511100006
081511100005
050912100024
050912100023
052211100002
050611200002
050611100003
052211100001
050611100002
010312100020
220111100029
082811100007
030611100011
081211100003
081211100002
221411100024
221011200207
010312100025
014011200007
171412100011
221411100019
220111100013
014011100002
010311200014
152411100003
220111100510
221911100037
221911100035
220411200723
220111200649
222311100511
272311200003
220111100026
221011200210
030612100098
273011100013
220211100570
143211200104
221411100017
030611100208
220111100010
221011200213
030611100189
152411200055
150811100002
030611200095
152412100057
221011200211
221011200212
030612200007
220311200165
221411100014
221011200205
221011200208
042211100003
042811100017
042811100016
202011200076
202011200077
202011200078
202011100051
201611100011
201611100012
201611100013
202011100052
202011200079
030611100016
202011100055
221411100020
220111100012
221411100015
235511200080
235511200083
201113100001
221411100022
230712100056
143211200082
230712100058
230712100059
235512100060
230712100061
221411100012
220111100016
221911100036
220111100024
253511200021
221411100008
230712100062
230712100068
253512100015
143211100001
143211100002
252212100004
232612100064
220111100031
220211100578
220711200565
253511200022
234512100066
252412100004
252212100005
253511300002
234512100067
220111100023
221411100007
213111100023
042811100015
040411300001
221011200206
143611100003
122611100001
122912100018
221411100023
152412100058
221411100004
220111100005
220111100007
220111100008
221011200203
122912100019
122914200001
120214200002
122414200001
122914200005
122413200001
122913200001
122414200003
122913400001
221411100005
220111100011
221411100016
253511300001
143211100010
260911200043
220111100019
221411100025
220111100014
221411100013
131911200043
220111100030
220111100009
220111100027
030612200006
221411100011
131912100041
260911200031
263312100010
221411100018
220111100025
131911200038
131911200037
130811200008
243611100009
230711100058
221411200504
020412100077
182711200081
182711200082
162212100118
231711100062
182711200083
182711200084
202011200062
082812100031
234311200078
243611200004
082812100033
202011200063
202011200064
202011100046
261711200001
233911100066
243112100079
202411100014
180411200002
234711100067
242412100001
220911100002
233911100068
243612100005
220911100013
202011200074
202011200075
182711200085
220911100014
082812100039
243112100071
082812100040
082812100041
182711200086
220811100083
220911100011
220811100082
220311100192
273012100039
231711100069
220611200190
182711200087
213111100018
220611200188
261711200002
243611200005
202011100047
243611200007
243111200045
202011100048
201611100008
221011200674
263411200035
262812100010
231811200076
201612100020
260911200009
243112100066
220911100016
242312100001
243111100045
243112200002
243112200006
243112100069
220611200507
243112200005
243111100046
243111100042
081711200001
081711200002
082811200010
082811200017
222411100074
081211200005
081211200006
243112100068
261711100002
243112100067
220911100007
082812100024
082812100011
261711100003
100411100004
182711200088
220711200539
182711200091
182711200092
182711200093
102912100010
220111200643
261711100005
202411100002
182711400001
220911100005
131911200036
220311100191
261711100006
143211200080
060812100003
182711200201
261711100007
143211100070
263412100030
243112100065
122412100001
121212100001
120212100004
122411100001
122411100002
263411200036
263411200037
263412100032
243112100064
221411200507
243112100077
221411200511
243111100054
220811100085
243111100041
091611100005
220311100517
122411100003
122411100004
122411100005
243112100076
143212100054
260912100013
263312100001
263411200038
263311200001
263311100001
243112100063
263011200001
242712100007
131911100041
220911100009
220911100003
143211200081
143211200079
143211200049
182712100062
131912100042
132011100002
263212100003
131911100044
132111200012
131911200040
040612100050
040412100092
220911100010
262812100019
240412100001
263412100028
260911200010
120411200001
122912100017
263412100033
260911200011
042211200014
131911200041
182712100061
172612100042
171611100001
162211200231
162212100119
162212100117
162212100115
263412100031
202011200061
201612100019
182712100058
132911100013
172612100020
014211100003
202011200065
201611100004
202011200066
202411100003
202011200068
202011200069
220411200645
202011200070
222111100506
202011200071
201611200021
220311100195
201611200018
220811200524
201611200019
221411200519
132911200010
202011200073
182712100059
220911100526
241212100008
263311200005
213111200027
014011100001
211613100001
241212100007
010311200013
221411200517
171412100003
132011100001
260911100020
222011200533
220311100196
241211100037
211612100001
180412100012
243112100074
260911100021
243112100075
260911100022
221411200520
260911200012
221411200502
243611100012
243111200043
143213200001
143211200050
182712100060
220811100084
221411200510
143214200001
213111100016
221511200615
143211200078
220911100012
241211200015
221411200513
243111100043
243112100081
263411200039
221411200509
243111200042
252411100005
243111100044
193111100025
220311100190
243111200044
143212100016
243111200047
081511100001
243112100082
160112100020
221411200521
220911100006
243111100037
152411100002
150811100001
260911200027
241211200014
220611200189
213111100017
243111100038
081511100004
243112100072
243111200046
261711100004
241211100039
240411200002
241211200016
221811200549
243112100080
220811100086
220311200667
243111100039
182712100057
182712100056
243111100040
220911100017
010312100019
220911100008
232411200072
232411200074
234311200075
235511100057
053311100001
050611100001
082811100008
201611300001
220911100004
260911200028
220911100015
020412100004
272211100002
131912100039
220311100166
243111200041
240711200001
234511100048
231811100050
231811100053
231811100055
231811100056
232011200068
232011200069
220511200658
061012100003
061012100004
102912100008
104111100001
102911100009
104111100002
104811200020
081712100002
081711200005
080312100003
082812100025
082811400001
070511200028
070511200029
072911200006
070512100012
070512100013
220611100005
220511200607
082812100037
082812100036
082812100035
111912100002
221011100563
082812100004
082811200052
111813100001
113411100003
113411100004
113411100005
220311200725
113611100001
111814200001
113414200001
113314200001
081211100010
050912100022
050912100021
050912100020
050912100019
050912100018
050912100017
050911200030
081511100002
082811100006
082811100004
082811100003
082811100002
220411200198
042612100001
040612100049
040412100091
041312100009
221811200515
220311100174
273011200007
220311100167
220111100530
220311200164
273011200044
220611100003
220211100543
220311100553
220411200195
123811100002
120211100002
123811100003
122911200046
122912100012
222111100513
272211100003
221411200281
220511100517
220411200716
011112100004
220111200210
243111100029
220411200197
220311100178
122912100013
122912100014
122912100015
122912100016
111811200046
220711200183
220311200591
143212100008
220111100544
220311100186
040611200015
040411200069
042611100001
040611100007
040411100010
220311100165
220611100006
220111100526
221511200279
220311100185
220311100179
220211200628
220611100002
220111200209
220211200734
220311100164
220311100172
220511100526
220311100188
220311100175
261711200003
040411200052
220611100001
263311200008
220412200113
132011200004
132911100008
132911100009
091611100004
091611200030
091611200029
132111200011
131911200033
030614200006
030613100015
030612100093
030612100092
032412100005
032412100004
220311100177
132911200009
030612100075
030612100074
131911100038
030612100073
131912100033
131911200034
130411100004
130411100005
131911100039
132911100010
241211100033
243111100023
220311100187
143211200075
132112100003
132112100004
132111100007
132112100012
131911200140
221011100556
220912100550
220311200163
221411200568
243111100022
211111100007
143213400001
243111100025
253511200020
253511200019
252411200004
253511200018
253511200016
182711200096
243111100031
243111100034
240411100003
243111100021
241211100035
241211100036
152412100053
152412100054
152412100055
152412100056
152411200053
030611200088
151611200001
152411200054
242411100001
143211200076
243111100036
243111100028
243111100026
202011200060
202011200059
014211100002
010311200012
013311100001
172611200031
202011100041
202011100039
202011200057
202011200056
202011200055
243111200038
243111200037
202011200054
243111100030
202011100038
202012100044
243111100141
243111200039
243611200003
014012100002
011112100001
220311100176
241211100034
243111100035
220311100182
011112100003
013712100002
030613100010
013712100003
243111200036
243111200040
243611200002
030611200074
030611200073
030611200072
030611200071
030611200070
032411200008
030611200069
030211200001
030611200065
010312100012
030611100014
030511100001
030611100013
030611100012
243111200035
242211200002
242211200003
010312100010
030611200076
030611200075
243111200034
182711200095
221111200114
243111200032
235511100039
182712100020
263211200001
143211200002
143211200046
143211200045
143211200047
221111200113
232011100041
221911100026
232011100042
220111200610
220112100125
070512100010
220611200187
020412100002
221211200191
070512100011
182712100044
143211200043
071212100001
234311100044
221911100021
234711100045
132112100002
220611200281
180412100004
182712100063
221911100012
221911100018
180411100004
221911200199
182711100010
131912100035
180411100003
221111200112
193111100021
182712100043
220211200210
182711100020
182711100022
070511200027
070511200026
253512100014
253512100011
182711100017
252412100002
182711100018
182711100019
253511200012
253511200011
280711200003
282611200039
062011100001
220411200551
182711100013
221911100016
070511200025
282611200088
280711200004
182711100014
231712100048
220711200182
182711200070
221911100013
280711200007
182712100042
143211200053
202011100037
182712100041
280711200002
070511100001
221911100015
182712100146
282611100012
220111200702
282611100011
070511200024
282612100071
282511100002
182712100036
070511200023
070511200022
202011100036
070512100008
182712100039
220611200509
221911100004
182712100046
282611100010
280712100008
082812100026
180413100001
182711300001
082813200002
062711100001
182714100001
182712100045
221911100025
082812100032
282612100061
111811100008
282612100060
070512100009
182712100047
073511200007
082814200002
082811200056
082811200057
282612100068
182712100143
282612100059
082812100027
221911100007
282612100069
221511200562
221911100029
235512100045
282612100058
221911100028
221911100020
220111200207
282612100070
280712100006
282611200033
282611100008
280711200001
082812100015
221911100022
282212100001
201612100047
221911100005
182712100050
131911300001
143211200037
282612100079
221911200196
221911100011
282212100002
100411200004
100411100003
132411200002
182712100051
220411200750
282611100013
221711200167
230712100049
183711100001
221911100009
221011200719
221111200122
182711100012
182712100144
221011200200
221911200197
221911100032
233412100050
143211100057
221911100008
221011200804
220411200192
183711100004
091612100020
282611200042
234712100046
230712100051
221011200199
221911100027
221011200196
221911100019
180411100002
220611200186
221111200530
221911100033
221911100010
220211200211
182711100011
182711100024
282611200057
222011200133
220611200508
221611200158
182711100023
221911100034
273011200046
273011200047
182711100021
220411200580
180411100005
210211100002
230712100052
143211200044
282611100055
122411200004
221911100024
113412100006
123811100001
221911200198
120211100001
234311100037
220611200282
221911100031
202011100028
202011100029
202011200051
235511100040
201611100002
202011100035
231812100043
220211200208
201611200017
202011200053
182712100049
182711100016
221911100017
082811100005
073511200006
220611200185
282612100080
131914200010
243111100014
241211100031
130411200006
143211200072
243111200030
231711100024
243111200021
240711100003
221912100141
230711200055
243811200001
193111100018
231011100032
234311100030
220411200731
243112100061
241212100006
242712100003
243111200022
243111200028
242712100004
050912100015
221912100143
050912200003
130411200005
243111100012
113411100002
111911100001
113311200007
243111200027
243111100015
131911200031
234311100029
230611100026
041311100003
091611200004
243112100410
243111100013
231011200059
143212100019
240711100001
243111100019
143212100015
240711100004
231711200058
243111200024
243111200025
262811100004
243111200023
231711100025
243112100056
243111200026
273012100107
243112200001
201111100003
202011200049
220413400001
202011200048
091612100019
202011100024
202011100023
202011100022
243111100020
130811200003
202011200047
121111200001
221912100142
263411200053
272212100005
082812100019
102912100006
243112100050
240712100002
243111200031
263411100009
132111200010
131914200011
272212100006
132111300001
143211200036
243111100010
104812100001
162212100095
234711200057
263411200055
202011100026
104812100003
041312100008
240711100002
243811100001
243811100002
102912100014
241211100026
243111100018
243111100016
102911100005
202011200046
202011100019
104811200016
243111200029
202011200045
202012100038
202012100037
243111100142
132911200008
221111200111
132111200009
133911200006
071211200004
263412100044
172612100018
172612100038
131911200032
243112100059
243111100009
243111100011
243112100054
243112100055
222011200134
220211200206
182711200072
273011200045
182711200080
131912100029
220211200207
221812100125
221811200107
081211200001
222011200123
220111200304
234311200049
183711100002
182711100025
221011200195
143212100017
152413300001
182711100026
221511200179
041312100007
234311200048
122911200042
050912100014
122912100010
053011100003
122412200003
122911200041
221511200178
053011100002
171112100002
220411200389
040412100090
180411100007
221012100140
221812100127
143212100090
220511200157
053011100001
221411200565
131911100034
131911200027
182711100027
104812100006
182711100029
221311200527
220911200200
221011200577
222211200519
143212100018
221014200001
220511200158
220312100127
131911200028
182711200058
111811200044
111811200045
182711200062
182711200061
202012100034
202011100018
202011200044
220311200162
182711100030
221512100034
221812100126
222311200085
130411200004
132011200003
220411200190
221311200550
273011100010
182711200074
230711200161
122911200066
131911200029
221911200195
091612200004
182711200060
130411200003
182711200075
220411200191
130811200036
201611200016
182711200076
182711200077
201612100010
182711100031
182711200078
040411100009
182711200079
182711200071
211611100005
182711200073
234311200045
042811100014
201611200015
273012100106
111811100042
220811200137
030612100058
030612100059
030612100060
082812100013
182712100052
182712100054
202011100011
202011200095
132911100003
132911200006
131911200026
131914200008
130612100001
030612100057
152411200049
030612100061
130811200002
082812100029
130811200040
132111200005
030611200036
102911100002
030611200039
202011100012
231712100039
231712100038
113412100005
182712100055
152412100052
030612100062
030612100063
030611100007
030611200043
030611200044
202011100098
030611200045
030611100006
030611200049
143611200002
030612100064
030611200052
030612100065
143611200001
152412100051
182712100053
082811200006
030611200058
030612100052
030611200059
030612100066
030612100053
182712100129
030612100068
234312100037
182711100084
080312100005
030612100070
030613400001
030612100054
202012100033
182712100147
202011100097
201611200020
202011200096
030612100055
213812100003
030611100008
030611100009
091612100018
131912100030
213812100002
182712100040
080312100004
082812100001
210911100002
234311200043
182712100145
152411200050
082812100014
182712100038
152411200051
234312100040
273011100009
210911100003
030612100056
030911100001
131911200030
030611100010
231711200039
030612100071
131911200133
050911200022
050912100013
030612100072
211111100004
211111100005
050912100011
241211100025
221512100517
243112100040
243112100041
131911100029
143211200070
220911200199
221811200106
221511200176
143211200035
241211100003
143211200065
143211200066
143211200067
143211200068
143211200069
220212100134
143211100005
143211100007
143211100006
020612100003
143211200090
220411200188
221012100551
221311200297
241211100015
143611100017
220111200201
243112100030
220711200180
221212200004
220111100004
213112100021
020411100001
143213100001
220611200181
221011200813
241211100014
221812100507
041311200005
220411200189
241211100021
253511200010
242711100004
273012100105
220212100517
220111200594
243112100044
241211100013
243111200018
243111200019
202011100025
202011100009
241211100001
241211200013
243111200020
220311200262
020412100081
241212100005
243112100047
243112100048
220714200001
241211100009
220611200182
241211100019
273012100100
220211200204
220312100514
241211100004
241211100005
221511200175
220911200663
020612100001
241211100022
014211100001
242712100001
242712100002
243111200017
241211100017
220111200595
221411200181
243111100004
020412100098
242711100005
220111200202
241211100008
042812100033
040412100088
220311200263
221111200110
040412100089
241211100006
241211100007
082711200002
221011200293
050913200001
243112100042
220214200006
050911200012
230711200032
050912100012
193111200012
050911200016
050911200018
230711200033
050911200020
050911200021
230711200034
190711100003
230711200035
231711100020
243111200015
243111200014
243111200016
063211100002
242711100007
241211100023
243111100005
241211100024
243111100007
102912100009
102912100007
243111100008
242711100006
131911200023
221511200616
241211100020
131911100031
132012100008
131911100032
132911200007
132111200006
132111200007
132911100004
130411100003
241211100002
030611200011
262811200013
263412100026
263412100027
263411200031
122912100009
082811200070
162211200185
180511100001
262811200002
181311100002
262811200006
262811200005
181311100001
232511200023
260911100001
234311100018
201612100009
231711100019
234311200029
182712100024
202011200042
040612100046
182712200002
201611200013
182712100132
263411200033
082811200059
201611200014
202011100042
182712100133
202012100027
153712100001
234311200028
152411100001
263411100003
262811200015
262811200003
262811200009
262811200004
042811100013
042811100012
042811100011
042811100010
042811100009
040611100006
143212100013
041312100004
122911200065
013312100004
143212100014
040412100003
040412100087
262811200012
262811200014
040412100086
234311100013
130411100001
262811200011
082812100016
260912100006
131911100030
131912100028
041312100002
131911200024
262811200008
262811200007
091411100001
260911200007
262811200010
260912100007
231712100036
260912100008
260912100009
041312100003
260912100010
263412100023
261712100007
263412100024
040612100003
182712100031
143214200002
220311200161
221111200109
182712100027
072911200005
072911200004
070512100007
072911200002
070511200021
070512100006
263411200026
070512100005
073512100009
202011200038
202011100005
111811100006
081711200003
081711200004
202011200039
202012100023
111911200004
263412100029
263411200028
111811200043
182712100140
111811200042
111811200041
082812100018
102911200041
182712100032
103111100001
042811100022
102912100013
182712100030
263411200024
120212100001
182712100023
263411200018
263412100022
151611200003
202012100024
220911200627
272312100009
263411200025
220911100001
082812100017
152412100050
152411200048
220511200156
221512100033
143211200063
143211200033
131911200021
132911200005
222112100069
091612100017
130411100002
263411100002
222111200200
220411200185
260912100005
263412100012
221511200174
263412100013
263412100014
143211200048
042812100017
111812100028
221511200273
221312100001
262812100009
263412100015
263412100016
263412100017
263412100018
263412100019
130812100008
131912200005
132111200001
263411200030
132111200002
260912100004
263411200027
220112100124
260911200005
263412100020
263412100021
263411200019
132112200001
132111200003
132111200004
131911200025
132111100001
132111100002
132111100003
263411200021
263411200022
131911100025
132911100002
131911200022
131914200005
263412200002
221511200592
091611200032
111911200006
111911200005
080312100002
113312100003
182712100141
113611200001
182712100142
113411200020
260911200008
091612100025
143211200006
143211100004
143212100009
182712100029
222311100001
220111200681
143211200034
262811200001
222311100002
221712100074
222112100068
143212200002
263411200029
182712100028
143211200064
130411200002
042811100023
042811100021
263411200007
231711100016
040411200064
273011100007
130812100006
072911100028
282612100056
070512100003
280711100002
020412100068
234311200018
202011100002
201611200012
071211200003
042811100020
040411200065
190711100001
190711100002
143212100012
042211100004
280712100005
234311100012
234311100014
143212100011
193412100001
040612100002
040412100002
145111200001
122411200003
042812100006
120211200004
230712100035
282612100045
102912100012
130812100007
191012100001
282611200017
282611200018
280712100004
282611200023
282612100046
191012100002
282611200113
202012100018
282611200029
282611200030
191012100003
282612100050
042812100007
193411100004
282612100051
282612100052
282612100054
070511200020
191511100002
202011200037
282612100055
263412100005
072911200001
070512100002
282611100007
273012100051
231711100010
232513100002
182711200064
104812100004
102912100011
102911100010
263411200012
030611100270
131911200016
131911100021
131912100015
131912100016
130611100001
132911100001
131911100026
130411200001
131912100025
131912100027
131911100027
131911100028
222311100505
262812100008
262812100006
263412100006
263412100008
213112100032
172612100016
263412100009
182711200045
263412100010
222411100167
221011200599
182711200063
182711200065
222111100055
182711200066
222411100166
260912100002
182711200006
182711200068
182711200069
180411200001
182711200040
263411200008
182714200002
183311200004
202011200036
202012100017
222111100056
220312100125
221011200686
221711100021
220212100569
221011200193
143211200030
260911100052
263411200009
263411200010
263411200011
262811100001
260911200004
263411200015
263411200016
220111200200
221511100001
220212100622
222411100163
221912100140
220912100129
220312100124
221012100138
220212100131
220511100510
222411100165
220311200261
220312100126
222411100168
220712100114
222411100169
220212100132
260912100003
271111100001
221011200194
220611200511
220111200301
222111200509
221311200197
222411100164
273012100103
234311200017
082811200058
233412100034
030611200015
152411200045
122912100007
220711200178
131912100020
030612100045
253511200014
030612100047
122912100006
030612100046
030612100039
122911200040
122411200001
243112100031
020612100002
020412100007
152411200043
221711200166
031411100006
030612100038
132911200004
273012100021
030612100037
030612100036
030611100204
030411100003
131911200018
221011200191
030612100034
220211200201
122411200002
030612100035
062811200001
232512100033
243112100032
232511100009
143212200001
201612100006
243112100034
202011200032
243112100035
032411200003
030611200032
131912100019
202011200031
131911200017
202011200030
234512100032
132911200003
243111200013
220711200177
032411200002
030612100040
171611200003
172611200012
030612100051
172612100013
030411100004
231712100031
122911200039
030612100041
243112100037
172612100014
172612100015
220711200176
241211200012
243112100036
233912100030
230711200013
030611200028
030611200024
030611200020
030613100009
020112100005
030612100042
030612100043
243112100039
152411200044
263412200001
030612100033
131911100022
030612100049
082812100009
131912100017
030611200018
143212100091
122912100008
030612100048
220411200727
111811200038
111811200039
111811200040
222111200199
143211200059
143211200027
221912100138
062111100001
202011200033
113411200019
070511200014
113412100004
111912100001
271811100007
221012200140
220211200202
221011200793
221012100137
020411100020
282612100042
020412100008
220111200198
221011200763
020412100010
220411200621
221211200190
221012200132
220711200179
220911200198
273012100102
050912100008
221912100139
193114200001
191011100004
143211200024
061012100001
193111100011
143211200062
050912100009
220211200197
050911200008
050912100010
082812100002
201612100007
230712100027
082811200060
113312100002
162212100093
162212100090
070511200012
070511200013
070511200083
070511200082
160112100012
160112100011
143211200061
071211200002
143211200060
160112100010
073511200003
221311200196
073511200015
070511200016
070511200017
070511200019
182711200054
182711200051
182711200050
222111200191
220211200182
221911200183
010312100004
232011100006
221911200194
231711200011
131912100021
235512100025
180412100002
221211200189
143211200023
220111200186
010312100005
182712100130
131911100020
230712100022
182712100022
221011200178
042811100005
220611200179
042812100002
042811100006
042812100015
042811100007
042811100008
132012100007
182711200056
131911100023
273011100079
182711200055
202011200029
131911200019
230712100026
182711200049
182711200048
182711200047
221411200180
221311200192
182711200146
221011200985
182711200053
230712100021
182711200001
182712100228
182711200002
220411200184
222411200187
182711100032
182711200003
042812100016
091611200007
091612200003
040612100001
221011200190
230612100023
220211200185
091611200006
201612100005
220811200556
020412100083
082812100006
220213200011
202011200027
020412100099
202012100012
182712100134
143211200086
230712100019
220211200176
222011100177
182712100026
273012100097
020412100096
020412100015
143211200021
020412100012
143211200022
143211200025
182712100021
201612100018
230712100020
050911200003
180512100001
050911200005
220711200175
020412100086
202011200028
201612100004
230712100017
201611200010
182711200046
211011100003
182712100138
182712100139
221511200173
233912100016
221011200172
182711200037
182711200035
182711200026
182711200025
182712100104
182712100009
233912100014
182712100011
183311200002
182711200176
230712100013
143211200019
143211200017
220412100131
182712100013
143211200007
221011100510
221511200171
273011200041
182711200057
182711200032
131912100011
182711200031
131911200010
131911100016
081511200001
082811200003
220212100130
070511200006
131912100013
070511200007
071211200001
070511200008
070511200009
070511200010
162212100087
131911100019
131911200012
131911200013
131911200014
162211200146
131911200015
070511200011
220111200169
145111200002
143211200057
143211200058
201612100030
143211200020
220311100194
082812100007
082811200055
273012100096
232612100011
182712100137
273012100098
273012100043
182712100136
182712100135
122912100005
080312100001
120211200003
143211200038
152411200046
220411200170
220211100167
243612100001
243611200001
241211200011
263412100003
262812100003
221713100504
262812100004
220912100128
243111200012
050912100006
243113100003
241211200010
243112100025
220711200166
220211200807
220414100003
050912200002
222411100162
201611200008
262812100005
263412100004
104812100025
221711200165
143211200016
182711200177
243112100028
220212100127
221513400001
201611200005
243112100027
201611200006
080311200009
201611200007
243112100024
201611200009
263412100001
260911200003
080311200001
202011200025
220211100168
143211200015
220311100163
220411100164
202011200026
220311200160
221012100129
273012100093
082811100034
233912100012
201112100001
031411200002
282211100001
030612100032
202012100006
030613100008
232512100009
082811200054
082811200053
131911100013
143212100006
143212100007
082711100006
031411100005
191011200007
273011200042
253511200008
252211200002
222211100159
213811100001
253511200009
143211200008
143211200009
143211200010
143211200011
143211200012
143211100003
020412100104
282613200001
282614200001
282611200012
282611200014
010312100006
082811100037
081511100013
221611200152
221711200148
220312100123
091612200002
220211200150
220911200153
221711200149
040411200058
220311200151
220211200147
220211200146
220311200635
131911100006
041312100001
152412100048
131911100004
221812100124
202011200024
131911100007
220112100122
091612100007
091612100023
220811200585
221211200158
220711200156
041311100001
041311100002
220211200154
091611200005
221012100125
221611200157
220512100121
020412100033
102911200001
082811200002
201611200004
111812100027
152412100047
273012100095
131912100008
131911100008
253511200030
201111200002
132012100005
132012100006
182711200028
082812100005
102912100004
091611200028
182714100002
182711200136
182711200030
273012100092
182711200036
273012100091
182711200029
091611100002
131912100009
273012100094
152412100045
131911100009
132011200001
182711200018
231811200007
143212100005
040411200071
102912100002
182712100035
132011200002
234311100004
230712100008
273011200002
152412100046
182711100033
122412200001
122412200002
172612100012
172612100001
131911100011
182712100034
182711200034
131911100012
131912100010
182714200003
091612100006
131911100010
082812100038
253511200024
260912100012
220711200144
220512100116
220411200142
082812100003
230712100007
193111100003
082812100012
220212100120
282611100066
182712100033
282612100037
220212100119
220211200145
280712100019
221012100118
221012100117
220212100109
220112100114
220712100113
220211200143
221812100111
220912100110
220811200136
040412100083
040411200059
040612100047
111812100026
152412100044
220711200140
220511200608
243112100020
243112100021
131911200009
273011100008
243112100023
243112100022
221711200141
133911100010
040411200063
273012100089
243111100002
201611200003
242211200001
220511200134
202011200020
220311200137
172612100010
172612100009
040412100084
040412100085
221911200135
091612100005
220411200133
143212100003
050914200001
050911200001
050912100005
043111100013
111812100025
222411200510
243112100019
243111200009
132911200002
243111200010
152412100043
220412300001
030612100454
172613100001
030612100027
030612100028
030612100029
030612100030
030612100031
221011200131
220612100106
120211200002
030611100203
220712100107
221011200128
221011200129
122912100003
122912100004
091612100004
220212100105
030613300001
191012100006
193112100021
193112100009
193112100023
091612100003
220111200127
082812200002
222011200132
273012100087
131913400001
193112100015
193111100019
191011100008
091611200003
273012100085
202011200016
202012100004
273011100093
182711200015
143214100003
182711200016
182711200017
143212100002
050912100004
152412100060
202011200023
182711200013
182711200014
182712200001
152411200041
152411200042
202011200022
182711200120
162211200075
162211100004
152412100059
152412100016
082811200106
091612200001
252411200002
152412100042
152412100041
202011200017
182712100001
111812100091
220411200122
282511100001
220311200120
282612100029
282612100028
220611200125
220311200121
221011200666
182711200011
182711200012
220311200665
220111200123
220512100527
220212100098
182712100002
221912100100
220312100099
221512100544
220411200728
221912100101
220212100576
221912100102
220311200117
220212100609
073511200001
263413100001
040412100082
040411100007
073511200002
131912100006
131912100012
040412100080
040412100079
040412100078
040412100077
143211200005
221813100515
143211200004
082811200071
243112100017
221811200105
131911200005
220113100006
131914200002
221014100002
202011200012
202011200011
131911200006
202011200014
201611200001
243111100122
243111200006
040612100045
202011200015
201611200002
040412100075
243111200007
040412100076
243112100015
143211100099
243112100016
042614200001
243111200008
202011200013
091611200002
241211200007
220411200112
220211100580
234311200006
221511200106
220311200108
220111200114
220711200110
221111200107
152411200040
220111200094
220811100523
131912100007
273011100006
241211200008
220212200094
221511200111
202012100005
072911200003
220212100084
221611200095
221511200642
243112100013
243112100014
113411200017
102912100003
282611100061
273011200043
221011200097
221911200566
220512100092
271011100001
220211200116
220911200102
220212100085
220311100099
222012100086
220411200616
152412100040
152412100039
131914200003
220512100091
220312100090
220411200083
082011200001
220212100089
220212200095
221211200098
221511200096
220911200638
220211200701
010312100002
221011200664
282612100021
282612100022
282612100038
220211200092
220511200635
131911200003
221811200088
220112100079
220111200087
220912200081
182711200121
220113100005
220412100080
243111200004
273012100086
220413100007
220312200082
220312200078
221911200086
010312100001
220211200091
221911200085
013312100001
221611200084
013311400001
241211200006
220711200089
220314200004
220411200090
222111200093
182712100003
151112100001
202012100002
041311200004
243112100012
220212100077
221611200081
243112100009
220112100075
220612100071
220112100070
152412100038
220112100074
273012100082
220212100076
243112100011
220912100069
221012100068
222311200082
202011200010
282612100035
220312100065
220312100064
220512100060
060812100002
222312100099
232612100006
222112100067
220212100059
260911200002
221712100056
220512100057
070511200005
221712100055
220112100054
220212100062
220212100063
221411100079
182711200009
273012100083
182711200008
040412100074
220811100080
221912100066
220212100061
270711100001
273012100126
182714100009
252411200001
243112100006
253512200003
091612100002
162212100082
252211200004
211011100002
243112100008
273011200015
132012100004
152412100037
253512100008
253511100002
252411200003
253512100007
132012100003
253511200006
252411100002
253511200007
132012100002
253512100006
282612100024
282612100010
253511100001
282612100008
220412100052
193112100045
193112100047
030612100025
193112100048
152412100036
273014200003
122911200038
122911200037
030612100011
122911200036
273011200040
122911200035
122911200034
193411100002
220911200077
220111200076
220311100075
122911200061
213812100001
030612100023
102912100001
193111100045
030613100006
040411200060
030613100007
221011200602
030612100022
050912100003
031411100004
050912100002
220113200004
040412100073
273012100076
111812100023
193112100039
162212100067
111811200037
060812100001
162211100003
193412100009
193112100040
191012100007
162211200109
182711100034
162211200110
220911200562
273012100072
131911200001
220912100050
221712100049
152412100035
221511200072
252212100001
273012100071
162211200088
191012100013
193112100028
193112100031
191011200001
193111200046
162212100054
162212100043
162212100053
152412100001
212712100004
221612100043
221912100044
220611200071
131911200002
221812100045
122911200070
120211200001
122911200033
030612100018
152412100034
282611200003
040411100006
282612100026
030612100017
030611200007
070511200084
182711200007
221114200506
130811200001
030612100016
030612100021
030612100020
030613100004
030613100003
152412100033
042812100031
182712100149
273011100095
042812100030
220714100001
030612100015
162212100056
162211200141
152411200047
273011200012
042212200001
040412100071
152412100032
162211200064
152412100029
040412100072
162214100007
152412100031
042812100029
202011200009
152412100030
040413100001
050912100001
210911200004
152412100028
152412100027
152412100026
221111200069
113411200016
111812100022
111812100021
111812100020
111812100019
111812100018
040612100044
113312100001
111911200003
243112100005
131911100002
220711200070
243112100004
273013100002
082811200001
210911200005
272211100014
273012100079
220311100055
220211200059
220611200529
220212100042
122912100002
122911200024
221111200067
221012100041
220211200056
122911200032
122911200064
122911200025
220911200065
221911200061
122911200060
122911200059
221911200062
221311200064
122911200063
220211200063
253511200005
220211200556
272211100001
122911200031
230711200002
222111100054
202011200008
233912100005
122911200045
273012100074
221911200060
122911200027
122911200030
220211200066
130812100002
182711200021
182711200119
242711100001
152412100023
242711200001
182711200019
273011200010
243111100001
243111200244
152412100022
202011200006
241211200005
243112100003
241211200004
182711200020
152412100024
152412100025
282612100014
042812100028
040412100069
040412100066
042812100025
282612100039
040412100070
282612100013
243113100001
282612100009
241211200003
202011200005
241213100001
042812100027
042812100026
040412100068
040412100067
172612100008
172612100007
243112100002
172611200009
280712100023
282612100031
241212100002
042211200012
040411200061
042211200013
113311200006
241211200002
111812100016
111812100017
111911200002
111911200001
113412100003
241212100001
152411200038
152412100020
263411200005
152412100019
220712100040
152412100021
263411200006
220311200052
220711200053
263411200004
260911200001
162212100041
162212100038
122911200023
122911200022
220612100039
221113100003
122911200017
122911200058
122911200018
122911200043
122911200019
122911200016
122911200020
122911200021
220412100038
202011100001
221012100031
220211200051
220212100037
221512100032
220112100033
091511200003
220212100653
220212100036
131912100003
202011200003
202011200002
182711200033
220911200050
182712100006
152412100018
202011200004
201111200001
213111200018
202011200058
201612100001
272312100016
152411200039
152411200069
122912100001
221811200049
152412100017
171412100001
172612100002
172612100006
172612100003
162212100036
122911200014
273011200039
152412100049
122911200010
122911200011
150311400001
122911200013
122911200057
040413100002
152412200001
182711200023
042811100003
282611200002
182711200044
182711200043
220411200754
182712100007
182711200022
220911200047
221411200044
152411200037
162211200055
182712100017
040412200006
183311200001
220611200046
220911200045
113411200015
182711200041
220211200657
113311200005
113311200004
113311200003
220611200542
182712100008
220712100029
113311200002
122911200050
243112100001
273012100080
162211200118
122911200006
122911200054
122911200055
122911200056
040412100064
122911200007
041311200003
122911200005
040412100065
122911200004
043211200001
221211200043
122911200003
042212100013
122911200053
040411200062
122911200008
040612100043
221211200042
221411200040
220611200039
072912200002
221712100025
220111200038
273012100077
220211200041
220111200037
221612100024
030612100013
042812100021
152412100015
282612100003
091511200004
030612100010
151011200001
030612100009
122911200044
030612100012
040412100063
042812100024
030611100004
042812100023
030612100014
042812100022
130611200002
130611200001
131912200003
030611100005
091511200002
221411200036
253512100002
273012100001
253512100001
282612100004
040412100061
040412100062
042812100020
040612100042
070511200004
040612100041
152412100014
221511200035
042212100012
040412100060
040412100058
040412100059
072912100004
162211200030
273012100081
273012100075
273011200038
273012100078
273011200036
152411200036
162212100031
040412100055
220511200030
111811200035
220211200031
221911200027
113411200012
221011200029
040412100057
220311200626
113411200014
162212100030
162212100029
273011100004
113411200013
221511200033
162212100028
040412100056
220711200028
221711200545
111811200036
152411200035
233912100004
220311200650
253512100005
220211200023
221612100011
221012100022
160112100004
160112100003
162212100025
273011200037
152411200034
221111200026
152411200033
220112200023
221011200019
221011200022
273011200062
040612100039
040412100054
040612100040
221511200020
220311200021
040611100008
221011200839
042011100003
042011100002
221012200021
273012100073
273011100003
042811200016
042811200015
120212100003
221011200016
221011200015
182712100005
220412200019
220211200017
221012200017
220211200959
220212100655
202012100049
111812100015
221511200014
221011200958
220212100013
220212200018
221512200016
202011200001
040411200057
220211200008
222111100013
152412100013
091611200001
220211200558
220712100009
220312100006
220211100011
221911200580
222111100012
220312100008
220112100012
221011200007
152412100012
040412100051
042812100019
070512100001
042011100001
220312100007
070511200003
040611200014
042811200014
042611200009
221012100002
273011200018
040412100050
220912100535
152411200031
220411200005
220112100004
152411200032
221011200647
221411200004
040611100005
152412100011
253511200002
220513100001
221813100522
152411200029
220211100587
042811100019
040612100038
220214200001
162212100008
040612100037
040412100053
040412100081
162212100009
040412100052
042812100018
040412100040
152412100009
152411200030
162211200015
221013100002
042811300001
152412100010
111812100014
113411200009
152414200001
272312100001
111812100013
152411200028
252211200001
111811200033
111811200032
111812200001
111811200031
130812100001
273011200014
220212100001
152411200023
152411200025
152411200026
152411200027
131912100004
221411200001
221411200002
152412100008
113411200011
113411200010
111811200026
111811200030
040411200055
233912100003
213112100017
111811200027
262812100001
042812100014
272211200001
042811100002
111811200028
040411200054
111811200029
042211200011
040612100036
273011200030
213112100011
113411200008
111812100012
113411200007
113411200006
152411200024
042212100011
113411200005
213112100019
111811100005
273011200034
111812100011
211111200001
212711200004
273011200017
111811200017
111811200021
111811200022
111811200023
111811200020
273012100066
111811200019
273014200004
111811200018
111811200025
273012100068
111811200024
273012100061
272312100014
273012100063
273011200033
273012100048
273012100069
273011200058
111812100010
272312100007
272212100004
273014100001
273012100062
273012100070
273012100053
273012100065
273011200011
042211200010
040412100047
040412100049
042811200013
213111100001
040412100048
213112100013
253512100003
040612100084
180412100001
040412100044
040411200053
042812100013
040612100035
040412100046
042012200001
111811200016
043212100001
111811200015
111811200014
111811200013
273012100015
040411200051
111812100009
040411200050
111812100008
042812100005
042011200004
113411200002
113411200003
113411200004
040611200013
040411200049
213112100010
213112100014
040612100017
111811100003
152412100006
182711200039
152412100005
253511200001
152411200022
152411200021
113411200001
152411200014
263411200001
111811200010
111811200011
111811200007
113412100002
182712100016
260912100001
182712100015
182712100012
263411200003
213112100004
213112100003
111811200012
263411200002
152411200010
111811100002
111811200008
111811100004
152412100007
111812100007
111812100006
111811200009
152411200020
111811200004
233913100001
231712100002
111811200005
152411200019
152411200018
111811100001
111812100005
152411200016
162212100002
152412100004
113411100001
111811200006
152411200013
162212100003
231711100011
111812100004
152412100002
273011200008
152412100003
152411200015
232511200001
152411200017
042211200009
040411200047
040611200012
040411200048
042811200012
040412100045
040612100034
272311200002
273011200028
271012100001
273012100054
273012100056
273012100055
152411200001
273012100060
152411200002
152411200003
152411200004
040412100031
152411200005
152411200006
152411200007
152411200008
152411200064
273012100047
273011200032
152411200065
273011200022
273011200031
273012100059
273011200029
152411200066
152411200067
152411200068
152411200063
152411200011
152411200012
273011200025
273011200026
273011200027
273012100050
152411200052
113412100001
111811200003
111811200002
111811200001
111812100003
111812100002
111812100001
182712100019
182712100018
042211200006
042211200007
040411200046
042211200008
091612100001
042212100007
043111200001
272312100006
040411200045
273012100049
040412100110
040412100034
040412100035
040412100025
040412100039
042812100011
272312100013
040612100033
040412100041
042812100012
040412100042
272212100002
040412100043
042212100006
040611200011
213813100001
040411200043
273012100052
272212100003
040411100004
272312100005
040411200044
273012100040
272311100004
272312100012
040412100038
040412100037
042212100005
042212100004
040412100036
040612100031
040612100048
273012100042
273012100046
040411200042
040411200041
041311200002
041311200001
273012100041
273012100045
273012100044
273013100001
273012100035
272312100004
041312100006
040411200040
042212100010
042212100009
042212100008
042611200001
042611200002
040611100003
040611100004
272312100003
040412100033
091511200001
040411100003
040612100030
273012100004
273012100007
272312100002
042012100001
272311100002
040411200036
040412100032
040411200037
040411200039
040411200038
273011200060
273011200020
273012100022
273012100034
273012100014
273012100030
042211100002
273011200024
273012100010
273012100012
273012100026
072912100002
273011200070
273011100001
273012100027
273012200001
273011200023
040411200035
043112100002
272311200001
272311100001
273011200019
273012100013
273011200021
273012100033
273012100018
273012100032
273012100036
273012100020
273012100023
273012100002
273012100028
273011200090
273012100019
273012100016
273012100017
273012100029
042212100003
070511200002
040612100027
040612100029
040612100028
040412100029
040412100028
042812100010
040412100027
040412100030
072912100001
070511200001
040411200030
042211200005
040611200010
042211200004
040411200034
040411200033
040411200032
042811100001
151012100001
042212100002
040411200023
030411100017
040412100024
040612100026
042812100009
030612100007
040411200029
030612100008
040411200025
040611200009
040411200020
040612100019
040412200001
040412100026
042212100001
042812100008
040612100025
040612100021
040612100020
042011200006
040412100023
040612100023
040411200031
040411200024
030611200002
040612100024
042011200003
030613100001
040612100022
042011200002
040612100015
040611200007
042811200011
042811200010
040412100021
040412100022
273011200001
273011200004
273011200003
040412100018
040611100001
273011200006
040411200014
282611100001
040412100019
040612100018
040411200018
040612100016
273011200009
040411200019
040611200008
143211200001
273011200016
273011200005
040411200016
040411200015
040412100020
040412100013
040411100001
040412100016
040612100014
040612100013
040412100015
040412100014
040412100017
040611200006
040411200012
042211200003
040411200013
040612100012
040612100011
040612100010
042811200009
040411200011
040611200004
042811200008
042811200007
273012100031
040612100008
273012100008
273012100006
042811200006
042811200020
040612100007
040411200010
273011100081
273012100025
273012100009
040611200005
040611200002
042011200005
273012100003
040612100009
273012100024
273012100005
120212100002
040411200005
042811200018
130412100001
040412200009
040412100009
040412100008
030611100001
031411200001
040412100011
040612100005
030611100002
042812100032
040412100012
040612100006
131911100005
030611100003
031411100002
040411200009
040411200008
030612100002
040611200003
030612100006
030612100001
030611100383
030612100005
040411200007
040411200006
042811200017
030612100003
040611200016
030612100004
040412100006
040411200066
040611200001
042011200001
040412100004
040412100007
040611100002
042211100001
040612100004
040411200135
040411100002
040411200003
040412100005
040411200068
040411200067
040411200017
042811200005
042811200004
040411200004
091512100001
042811200002
042811200003
042811200001
040411200001
040412100001
040412200007
042211200001
042211200002
040411200002
273011100002
030612100026
122911200028
122912100011
220112200507
235514200005
082811200065
253512100009
030612100584
030611200653
